ch_total module ch_module view pln ch
       0      0         0    0   0  0
       1      0         1    0   0  1
       2      0         2    0   0  2
       3      0         3    0   0  3
       4      0         4    0   0  4
       5      0         5    0   0  5
       6      0         6    0   0  6
       7      0         7    0   0  7
       8      0        32    0   0  8
       9      0        33    0   0  9
      10      0        34    0   0 10
      11      0        35    0   0 11
      12      0        36    0   0 12
      13      0        37    0   0 13
      14      0        38    0   0 14
      15      0        39    0   0 15
      16      1         0    0   0 16
      17      1         1    0   0 17
      18      1         2    0   0 18
      19      1         3    0   0 19
      20      1         4    0   0 20
      21      1         5    0   0 21
      22      1         6    0   0 22
      23      1         7    0   0 23
      24      1        32    0   0 24
      25      1        33    0   0 25
      26      1        34    0   0 26
      27      1        35    0   0 27
      28      1        36    0   0 28
      29      1        37    0   0 29
      30      1        38    0   0 30
      31      0         8    0   1  0
      32      0         9    0   1  1
      33      0        10    0   1  2
      34      0        11    0   1  3
      35      0        12    0   1  4
      36      0        13    0   1  5
      37      0        14    0   1  6
      38      0        15    0   1  7
      39      0        40    0   1  8
      40      0        41    0   1  9
      41      0        42    0   1 10
      42      0        43    0   1 11
      43      0        44    0   1 12
      44      0        45    0   1 13
      45      0        46    0   1 14
      46      0        47    0   1 15
      47      1         8    0   1 16
      48      1         9    0   1 17
      49      1        10    0   1 18
      50     -1        -1   -1  -1 -1
      51      1        12    0   1 20
      52      1        13    0   1 21
      53      1        14    0   1 22
      54      1        15    0   1 23
      55      1        40    0   1 24
      56      1        41    0   1 25
      57      1        42    0   1 26
      58      1        43    0   1 27
      59      1        44    0   1 28
      60      1        45    0   1 29
      61      1        46    0   1 30
      62      0        16    0   2  0
      63      0        17    0   2  1
      64      0        18    0   2  2
      65      0        19    0   2  3
      66      0        20    0   2  4
      67      0        21    0   2  5
      68      0        22    0   2  6
      69      0        23    0   2  7
      70      0        48    0   2  8
      71      0        49    0   2  9
      72      0        50    0   2 10
      73      0        51    0   2 11
      74      0        52    0   2 12
      75      0        53    0   2 13
      76      0        54    0   2 14
      77      0        55    0   2 15
      78      1        16    0   2 16
      79      1        17    0   2 17
      80      1        18    0   2 18
      81      1        19    0   2 19
      82      1        20    0   2 20
      83      1        21    0   2 21
      84      1        22    0   2 22
      85      1        23    0   2 23
      86      1        49    0   2 24
      87      1        50    0   2 25
      88      1        51    0   2 26
      89      1        52    0   2 27
      90      1        53    0   2 28
      91      1        54    0   2 29
      92      1        55    0   2 30
      93      0        24    0   3  0
      94      0        25    0   3  1
      95      0        26    0   3  2
      96      0        27    0   3  3
      97      0        28    0   3  4
      98      0        29    0   3  5
      99      0        30    0   3  6
     100      0        31    0   3  7
     101      0        56    0   3  8
     102      0        57    0   3  9
     103      0        58    0   3 10
     104      0        59    0   3 11
     105      0        60    0   3 12
     106      0        61    0   3 13
     107      0        62    0   3 14
     108      0        63    0   3 15
     109      1        24    0   3 16
     110      1        25    0   3 17
     111      1        26    0   3 18
     112      1        27    0   3 19
     113      1        28    0   3 20
     114      1        29    0   3 21
     115     -1        -1   -1  -1 -1
     116      1        30    0   3 22
     117      1        31    0   3 23
     118      1        39    0   3 24
     119      1        57    0   3 25
     120      1        63    0   3 26
     121      1        59    0   3 27
     122      1        60    0   3 28
     123      1        61    0   3 29
     124      1        62    0   3 30
     125      2         0    1   0  0
     126      2         1    1   0  1
     127      2         2    1   0  2
     128      2         3    1   0  3
     129      2         4    1   0  4
     130      2         5    1   0  5
     131      2         6    1   0  6
     132      2         7    1   0  7
     133      2        32    1   0  8
     134      2        33    1   0  9
     135      2        34    1   0 10
     136      2        35    1   0 11
     137      2        36    1   0 12
     138      2        37    1   0 13
     139      2        38    1   0 14
     140      2        39    1   0 15
     141      3         0    1   0 16
     142      3         1    1   0 17
     143      3         2    1   0 18
     144      3         3    1   0 19
     145      3         4    1   0 20
     146      3         5    1   0 21
     147      3         6    1   0 22
     148      3         7    1   0 23
     149      3        32    1   0 24
     150      3        33    1   0 25
     151      3        34    1   0 26
     152      3        35    1   0 27
     153      3        37    1   0 28
     154      3        38    1   0 29
     155      3        39    1   0 30
     156      2         8    1   1  0
     157      2         9    1   1  1
     158      2        10    1   1  2
     159      2        11    1   1  3
     160      2        12    1   1  4
     161      2        13    1   1  5
     162      2        14    1   1  6
     163      2        15    1   1  7
     164      2        40    1   1  8
     165      2        41    1   1  9
     166      2        42    1   1 10
     167      2        43    1   1 11
     168      2        44    1   1 12
     169      2        45    1   1 13
     170      2        46    1   1 14
     171      2        47    1   1 15
     172      3         8    1   1 16
     173      3         9    1   1 17
     174      3        10    1   1 18
     175      3        11    1   1 19
     176      3        12    1   1 20
     177      3        13    1   1 21
     178      3        14    1   1 22
     179      3        15    1   1 23
     180      3        40    1   1 24
     181      3        41    1   1 25
     182      3        42    1   1 26
     183      3        43    1   1 27
     184      3        45    1   1 28
     185      3        46    1   1 29
     186      3        47    1   1 30
     187      2        16    1   2  0
     188      2        17    1   2  1
     189      2        18    1   2  2
     190      2        19    1   2  3
     191      2        20    1   2  4
     192      2        21    1   2  5
     193      2        22    1   2  6
     194      2        23    1   2  7
     195      2        48    1   2  8
     196      2        49    1   2  9
     197      2        50    1   2 10
     198      2        51    1   2 11
     199      2        52    1   2 12
     200      2        53    1   2 13
     201      2        54    1   2 14
     202      2        55    1   2 15
     203      3        16    1   2 16
     204      3        17    1   2 17
     205      3        18    1   2 18
     206      3        19    1   2 19
     207      3        20    1   2 20
     208      3        21    1   2 21
     209      3        22    1   2 22
     210      3        23    1   2 23
     211      3        48    1   2 24
     212      3        49    1   2 25
     213      3        50    1   2 26
     214      3        51    1   2 27
     215      3        52    1   2 28
     216      3        53    1   2 29
     217      3        54    1   2 30
     218      2        24    1   3  0
     219      2        25    1   3  1
     220      2        26    1   3  2
     221      2        27    1   3  3
     222      2        28    1   3  4
     223      2        29    1   3  5
     224      2        30    1   3  6
     225      2        31    1   3  7
     226      2        56    1   3  8
     227      2        57    1   3  9
     228      2        58    1   3 10
     229      2        59    1   3 11
     230      2        60    1   3 12
     231      2        61    1   3 13
     232      2        62    1   3 14
     233      2        63    1   3 15
     234      3        24    1   3 16
     235      3        25    1   3 17
     236      3        26    1   3 18
     237      3        27    1   3 19
     238      3        28    1   3 20
     239      3        29    1   3 21
     240      3        30    1   3 22
     241      3        31    1   3 23
     242      3        56    1   3 24
     243      3        57    1   3 25
     244      3        58    1   3 26
     245      3        59    1   3 27
     246      3        60    1   3 28
     247      3        61    1   3 29
     248      3        62    1   3 30
     249      1        11    0   1 19
